pbp=[      0.0,     0.27760918,     0.16661049,     0.15423829,     0.42457538,     0.34168791,     0.14732911; 
           0.1,     0.27923703,     0.16999391,     0.15762171,     0.42370775,     0.34022843,     0.14504025; 
           0.2,     0.28346884,     0.17696497,     0.16459278,     0.41960882,     0.33543568,     0.14100787; 
           0.3,     0.28709254,     0.18147956,     0.16910736,     0.41505064,     0.33071054,     0.13856818; 
           0.4,     0.28811527,     0.18072178,     0.16834958,     0.41494757,     0.33096964,     0.13897482; 
           0.5,     0.28748979,     0.17730133,     0.16492913,     0.41714587,     0.33397085,     0.14082364; 
           0.6,     0.28646244,     0.17422525,     0.16185305,     0.41885349,     0.33645425,     0.14253409; 
           0.7,     0.28583982,     0.17345559,     0.16108339,     0.41941092,      0.3370736,      0.1429734; 
           0.8,     0.28533751,     0.17427501,     0.16190281,     0.41947736,      0.3366136,     0.14250585; 
           0.9,     0.28465075,      0.1754372,       0.163065,      0.4195044,     0.33601612,     0.14185261; 
           1.0,     0.28385535,      0.1762774,     0.16390521,     0.41965833,     0.33572447,     0.14138633; 
           1.1,     0.28325298,      0.1766589,      0.1642867,     0.41985917,     0.33570452,     0.14117603; 
           1.2,      0.2831308,     0.17670677,     0.16433457,     0.41991125,     0.33572199,      0.1411497; 
           1.3,      0.2835566,     0.17651542,     0.16414322,     0.41973935,     0.33568068,     0.14125503; 
           1.4,     0.28438317,     0.17615217,     0.16377997,     0.41940095,     0.33563315,     0.14145554; 
           1.5,     0.28534908,     0.17574131,     0.16336911,      0.4189973,     0.33563152,     0.14168332; 
           1.6,     0.28615556,     0.17542684,     0.16305464,     0.41864787,     0.33566181,     0.14185838; 
           1.7,     0.28656455,       0.175322,      0.1629498,     0.41845129,     0.33565528,      0.1419169; 
           1.8,      0.2864493,     0.17542171,     0.16304952,     0.41848249,     0.33560574,     0.14186124; 
           1.9,     0.28584021,     0.17563588,     0.16326369,      0.4187543,     0.33558468,     0.14174193; 
           2.0,     0.28494327,     0.17588978,     0.16351759,     0.41917627,        0.33564,     0.14160089; 
           2.1,     0.28406422,     0.17613373,     0.16376154,     0.41959196,      0.3357458,     0.14146574; 
           2.2,     0.28349155,     0.17632859,     0.16395639,     0.41984961,     0.33581834,     0.14135806; 
           2.3,     0.28338769,     0.17641604,     0.16404385,     0.41987624,     0.33580217,     0.14130981; 
           2.4,     0.28375463,     0.17635147,     0.16397928,     0.41968825,      0.3357126,     0.14134543; 
           2.5,      0.2844438,     0.17612349,      0.1637513,     0.41937681,     0.33563293,      0.1414714; 
           2.6,     0.28523929,     0.17581918,     0.16344699,     0.41903226,     0.33560731,     0.14164006; 
           2.7,     0.28590393,     0.17556203,     0.16318983,     0.41874409,     0.33562161,     0.14178304; 
           2.8,     0.28624413,     0.17544948,     0.16307729,      0.4185896,     0.33562736,     0.14184576; 
           2.9,     0.28616392,     0.17550445,     0.16313225,      0.4186161,      0.3356052,     0.14181512; 
           3.0,     0.28568672,     0.17566768,     0.16329548,     0.41883062,     0.33559863,     0.14172425; 
           3.1,     0.28497105,     0.17587585,     0.16350365,     0.41916543,     0.33564157,     0.14160862; 
           3.2,     0.28425827,     0.17608175,     0.16370955,     0.41949943,     0.33571716,      0.1414945; 
           3.3,     0.28377862,     0.17624206,     0.16386986,     0.41971622,     0.33577236,     0.14140585; 
           3.4,      0.2836686,     0.17630369,      0.1639315,     0.41975645,      0.3357718,     0.14137181; 
           3.5,     0.28394776,     0.17625497,     0.16388277,     0.41961341,     0.33570762,     0.14139872]; 



