pbp = [0.0,              1; 
       0.1,      1.0301225; 
       0.2,      1.0369687; 
       0.3,        1.03896; 
       0.4,      1.0394252; 
       0.5,      1.0399183; 
       0.6,      1.0404367; 
       0.7,      1.0409809; 
       0.8,      1.0415525; 
       0.9,      1.0421528; 
       1.0,      1.0427826; 
       1.1,      1.0434446; 
       1.2,      1.0441379; 
       1.3,      1.0448663; 
       1.4,      1.0456291; 
       1.5,      1.0464293; 
       1.6,      1.0472671; 
       1.7,      1.0481456; 
       1.8,       1.049065; 
       1.9,      1.0500272; 
       2.0,      1.0510335; 
       2.1,      1.0823515; 
       2.2,      1.0977841; 
       2.3,      1.0992015; 
       2.4,      1.0986496; 
       2.5,      1.0991656; 
       2.6,      1.0988903; 
       2.7,      1.0986752; 
       2.8,      1.0985297; 
       2.9,      1.0984394; 
       3.0,      1.0984004; 
       3.1,      1.0983753; 
       3.2,       1.098361; 
       3.3,      1.0983582; 
       3.4,      1.0983566; 
       3.5,      1.0983565; 
       3.6,       1.098357; 
       3.7,      1.0983574; 
       3.8,      1.0983582; 
       3.9,      1.0983588; 
       4.0,      1.0976676];
fbp5 = [0.0,              1; 
       0.1,       1.034094; 
       0.2,      1.0446592; 
       0.3,      1.0476764; 
       0.4,      1.0492423; 
       0.5,      1.0508471; 
       0.6,      1.0524884; 
       0.7,      1.0541654; 
       0.8,      1.0558832; 
       0.9,       1.057634; 
       1.0,      1.0594207; 
       1.1,      1.0612415; 
       1.2,       1.063095; 
       1.3,      1.0649802; 
       1.4,      1.0668943; 
       1.5,      1.0688362; 
       1.6,      1.0708021; 
       1.7,      1.0727887; 
       1.8,       1.074793; 
       1.9,        1.07681; 
       2.0,      1.0788324; 
       2.1,      1.1002132; 
       2.2,      1.0973862; 
       2.3,       1.097847; 
       2.4,      1.0980013; 
       2.5,      1.0980857; 
       2.6,      1.0981596; 
       2.7,      1.0982293; 
       2.8,      1.0982813; 
       2.9,      1.0983099; 
       3.0,      1.0983298; 
       3.1,      1.0983432;
       3.2,      1.0983515; 
       3.3,      1.0983566; 
       3.4,      1.0983591;
       3.5,      1.0983608; 
       3.6,      1.0983611; 
       3.7,      1.0983616; 
       3.8,      1.0983617; 
       3.9,      1.0983619; 
       4.0,       1.097672];
   
fbp10 = [0.0,              1;
           0.1,      1.0301225; 
           0.2,       1.036969; 
           0.3,      1.0389613; 
           0.4,      1.0394268; 
           0.5,      1.0399198; 
           0.6,       1.040439; 
           0.7,      1.0409825; 
           0.8,      1.0415549; 
           0.9,      1.0421547; 
           1.0,      1.0427859; 
           1.1,      1.0434459; 
           1.2,      1.0441405; 
           1.3,      1.0448685; 
           1.4,      1.0456317; 
           1.5,      1.0464323; 
           1.6,      1.0472705; 
           1.7,      1.0481491; 
           1.8,      1.0490683; 
           1.9,      1.0500307; 
           2.0,      1.0510373; 
           2.1,      1.0823809; 
           2.2,      1.0977792; 
           2.3,      1.0992455; 
           2.4,      1.0985372; 
           2.5,      1.0991003; 
           2.6,      1.0988524; 
           2.7,      1.0986463; 
           2.8,      1.0985081; 
           2.9,      1.0984357; 
           3.0,      1.0983918; 
           3.1,       1.098367; 
           3.2,      1.0983716; 
           3.3,      1.0983653; 
           3.4,      1.0983621; 
           3.5,      1.0983605; 
           3.6,      1.0983601; 
           3.7,      1.0983602; 
           3.8,      1.0983601; 
           3.9,      1.0983603;
           4.0,      1.0976682];